{
    "MAE": 14.062888849228928,
    "MSE": 274.94063634808697,
    "MAPE": 1.6499054345183708
}